Dono = nenhum
TemDono = 0
Valor = 10
Trancada = 0
InteriorID = 2
InteriorX = 225.57000732
InteriorY = 1240.06005859
InteriorZ = 1082.14001464
CasaX = 1714.61376953
CasaY = -2261.30444335
CasaZ = 13.52952575
