Dono = nenhum
TemDono = 0
Valor = 11
Trancada = 0
InteriorID = 2
InteriorX = 225.57000732
InteriorY = 1240.06005859
InteriorZ = 1082.14001464
CasaX = 1704.06079101
CasaY = -2254.20068359
CasaZ = 13.37241458
