Dono = nenhum
TemDono = 0
Valor = 222
Trancada = 0
InteriorID = 2
InteriorX = 225.57000732
InteriorY = 1240.06005859
InteriorZ = 1082.14001464
CasaX = 1703.52587890
CasaY = -2249.20019531
CasaZ = 13.38281250
