Dono = nenhum
Valor = 7777
Trancada = 0
InteriorID = 2
InteriorX = 225.57000732
InteriorY = 1240.06005859
InteriorZ = 1082.14001464
CasaX = 1695.10974121
CasaY = -2258.73535156
CasaZ = 13.32732009
