Dono = nenhum
TemDono = 0
Valor = 111
Trancada = 0
InteriorID = 2
InteriorX = 225.57000732
InteriorY = 1240.06005859
InteriorZ = 1082.14001464
CasaX = 1685.56152343
CasaY = -2259.00878906
CasaZ = 13.53992080
