Dono = nenhum
TemDono = 0
Valor = 333
Trancada = 0
InteriorID = 2
InteriorX = 225.57000732
InteriorY = 1240.06005859
InteriorZ = 1082.14001464
CasaX = 1688.95385742
CasaY = -2242.62353515
CasaZ = 13.53962135
