Dono = nenhum
TemDono = 0
Valor = 987
Trancada = 0
InteriorID = 2
InteriorX = 225.57000732
InteriorY = 1240.06005859
InteriorZ = 1082.14001464
CasaX = 1701.56152343
CasaY = -2260.34521484
CasaZ = 13.52131843
