Dono = nenhum
TemDono = 0
Valor = 109
Trancada = 0
InteriorID = 2
InteriorX = 225.57000732
InteriorY = 1240.06005859
InteriorZ = 1082.14001464
CasaX = 1709.07067871
CasaY = -2257.96386718
CasaZ = 13.35459518
